Parameter containing:
tensor([[[ 7.7942e-02,  1.4727e-01,  2.6112e-01,  1.6976e-01,  5.6727e-01]],

        [[ 2.5972e-01,  3.9236e-01, -3.1787e-02, -3.9120e-01, -2.7604e-01]],

        [[ 5.4075e-02, -4.3058e-02, -2.8838e-01,  2.7809e-01, -3.8282e-01]],

        [[-1.9935e-01, -6.5100e-01, -1.1854e-01, -5.4486e-02, -3.3931e-01]],

        [[-3.5605e-01,  2.3108e-01, -1.5284e-01,  5.5956e-01,  1.8348e-01]],

        [[ 1.1046e-01, -2.7139e-01,  4.3482e-01, -2.3002e-01,  4.8470e-01]],

        [[-1.5331e-01,  3.7221e-01,  4.6786e-01,  5.0002e-02, -6.2128e-03]],

        [[-2.7955e-01,  2.4758e-01, -2.2244e-01, -5.7482e-01, -2.4571e-01]],

        [[-4.5842e-01, -2.8164e-01, -1.2183e-01,  5.3760e-01, -1.4472e-01]],

        [[-1.8870e-01,  7.9421e-02,  2.3823e-01, -3.4295e-01, -7.2002e-01]],

        [[-5.1312e-02, -2.5438e-01,  5.5459e-01, -4.1003e-01, -5.1779e-02]],

        [[-2.9017e-01, -5.3013e-01,  2.9650e-01,  4.1156e-01, -8.9401e-02]],

        [[ 2.3459e-01, -5.1245e-02, -2.9332e-01, -3.2517e-01,  4.7590e-01]],

        [[-3.0759e-01, -8.6398e-02, -2.3847e-01,  5.7898e-01,  3.9964e-01]],

        [[ 2.7832e-01,  3.2669e-01, -1.5831e-01, -3.6567e-01, -5.2845e-01]],

        [[-2.1643e-02,  1.6884e-01,  3.6835e-01,  4.4516e-01,  3.0905e-01]],

        [[ 2.0869e-01,  1.6990e-01, -5.5109e-01, -1.3261e-01, -2.2424e-01]],

        [[-1.4764e-03, -3.8198e-01, -2.2765e-01, -2.5519e-01,  4.5797e-01]],

        [[-4.8064e-01, -4.1474e-01,  8.8393e-02,  1.6981e-01, -5.6525e-01]],

        [[-6.1522e-02, -4.8474e-01, -4.7494e-01, -1.3512e-01, -3.5618e-02]],

        [[-2.8828e-01,  6.5740e-01, -9.7860e-02, -2.4821e-01,  1.6894e-01]],

        [[ 1.6610e-01,  3.9166e-01,  2.9834e-01,  9.1746e-02,  1.9643e-01]],

        [[ 3.2047e-01, -1.2535e-01, -2.0499e-01, -5.6341e-01,  1.9496e-01]],

        [[ 6.6420e-02,  2.9531e-01,  4.0244e-01,  1.6370e-01,  2.8461e-01]],

        [[ 4.0159e-01, -1.4693e-01, -2.6784e-02,  1.5913e-01,  4.7989e-01]],

        [[ 4.8229e-01,  1.6866e-01, -4.7693e-03,  1.5048e-01, -3.5591e-01]],

        [[-1.5441e-01,  7.6756e-02, -2.8331e-01,  6.1456e-01, -4.8164e-01]],

        [[ 1.8033e-02,  1.0319e-01,  1.2748e-01,  6.5438e-01, -9.3683e-02]],

        [[-6.0641e-01,  6.5030e-02,  1.4059e-02, -8.3383e-02,  1.3178e-01]],

        [[ 1.6155e-01,  4.1512e-01,  3.5382e-01,  2.3218e-01,  2.6202e-01]],

        [[ 5.6667e-01,  1.2226e-01,  1.6868e-01,  1.3175e-01, -1.9187e-01]],

        [[-4.3188e-01, -1.4026e-01, -1.4135e-01,  4.9861e-01, -4.5956e-02]],

        [[ 2.3907e-01, -3.3781e-01,  4.2800e-01, -1.4834e-02, -4.2779e-01]],

        [[-2.7850e-02,  1.2118e-01, -2.1387e-01, -5.0426e-01, -3.9664e-01]],

        [[ 1.5495e-02, -2.6120e-02, -8.1869e-02, -5.3775e-01,  3.3141e-01]],

        [[ 4.8766e-01,  2.5091e-01,  3.5926e-01,  2.9619e-01, -3.5119e-01]],

        [[-2.2799e-01, -4.5203e-01,  4.0073e-01,  1.7426e-01, -6.6279e-02]],

        [[ 6.6059e-02, -4.8244e-01, -8.6997e-02, -2.1815e-01,  5.6789e-01]],

        [[-2.7045e-01, -2.8094e-01, -1.6096e-01, -2.1710e-01, -1.8228e-01]],

        [[ 2.0310e-01, -1.1374e-01, -5.5100e-01, -1.3336e-01,  5.4641e-01]],

        [[ 2.1777e-01, -2.2458e-01,  3.7273e-01, -3.3743e-02,  2.4633e-01]],

        [[-6.1843e-01, -7.4815e-02, -3.5139e-02, -1.8335e-01, -9.0584e-02]],

        [[ 1.3678e-01, -6.9976e-02, -5.4448e-01, -7.6105e-02, -1.1561e-02]],

        [[-2.3339e-01, -2.3636e-01,  1.5412e-03, -1.5452e-01, -2.8527e-01]],

        [[-4.1587e-01,  3.1993e-01,  4.1633e-01, -2.9628e-01,  3.0782e-01]],

        [[-3.3191e-01, -2.3824e-01,  1.5805e-03,  5.2030e-01, -3.8989e-01]],

        [[-2.9026e-01,  1.7002e-01,  6.6945e-03,  9.6664e-02, -5.1551e-01]],

        [[ 7.2602e-02, -4.0869e-01, -6.1199e-01,  4.3754e-02, -1.3826e-01]],

        [[-5.4863e-02,  4.5553e-01, -1.0274e-01, -3.9870e-01, -5.6733e-01]],

        [[-1.6695e-01, -4.5393e-01, -4.7463e-01, -4.0798e-01, -3.2021e-01]],

        [[-1.6584e-01, -5.4254e-01, -3.0968e-01, -2.4386e-01,  5.5939e-01]],

        [[-4.2834e-01, -4.4704e-01, -1.8719e-01, -1.6803e-01, -1.5177e-01]],

        [[-1.8380e-01,  1.8000e-01,  5.0634e-01, -9.8939e-02, -9.2600e-02]],

        [[-9.3426e-02, -4.2437e-01, -2.4378e-01, -2.7746e-01,  4.6727e-01]],

        [[ 1.3568e-01, -2.6097e-01, -5.6343e-01,  5.0415e-02, -4.3250e-01]],

        [[ 3.9448e-04, -1.3677e-01, -6.6255e-01, -6.2630e-02,  8.9674e-02]],

        [[-4.3189e-01,  1.5580e-01,  1.7949e-01, -3.4152e-01,  2.5116e-01]],

        [[-8.1187e-02, -1.6557e-01, -7.9168e-02, -4.6715e-01, -4.7511e-01]],

        [[-1.2888e-01,  3.7523e-01,  2.6855e-01, -3.8674e-01, -4.0871e-01]],

        [[-8.4900e-02,  1.3894e-01,  5.5269e-01, -5.2863e-01, -7.5281e-02]],

        [[ 3.4061e-01, -5.1214e-01, -1.3906e-01,  1.7579e-01,  3.2471e-01]],

        [[-4.1160e-01,  3.7418e-01,  3.4553e-01, -4.2671e-01, -4.5107e-01]],

        [[ 2.8088e-01,  5.4958e-01, -1.2091e-01, -3.8486e-01, -2.0195e-01]],

        [[ 4.6210e-01,  4.8233e-01, -2.1326e-01,  2.4436e-01, -4.4004e-01]]], requires_grad=True)
