Parameter containing:
tensor([[ 0.2148,  0.1145,  0.3495,  0.1812,  0.2953, -0.1634, -0.2919, -0.1419,
          0.3354, -0.1825, -0.2529, -0.2288, -0.2584,  0.0471, -0.2815, -0.1547,
          0.0266, -0.1826,  0.2157,  0.2454, -0.1141, -0.0468,  0.1507,  0.1891,
          0.0758, -0.0684,  0.1127, -0.1901,  0.1873,  0.1543,  0.1602,  0.0338,
          0.1675, -0.0241, -0.2165,  0.1113, -0.2121, -0.2148,  0.1988, -0.2450,
         -0.0177,  0.4217, -0.2294,  0.1624, -0.1312, -0.1584,  0.3038,  0.1705,
          0.1802,  0.0690, -0.0292,  0.1006, -0.2648, -0.1092, -0.2141,  0.1630,
          0.3666,  0.3966,  0.0431,  0.1232, -0.2366, -0.1129, -0.0708, -0.1447,
         -0.2461,  0.3055, -0.2596,  0.0714, -0.3386, -0.2227, -0.0327,  0.1126,
         -0.1267,  0.1598,  0.2016,  0.0268, -0.2309,  0.1273,  0.0987,  0.0968,
         -0.0853,  0.3958,  0.2427, -0.1123, -0.2651,  0.2530,  0.2859, -0.1782,
         -0.0843,  0.3264, -0.2315,  0.1049, -0.0056,  0.2296, -0.1333,  0.2835,
          0.3108,  0.1603,  0.0886,  0.0205,  0.0843,  0.3738, -0.1414,  0.2031,
          0.1155, -0.2929,  0.2099,  0.0609, -0.2107, -0.2814, -0.2737, -0.2073,
          0.0964,  0.2335, -0.3002,  0.2266, -0.1214,  0.3064,  0.1556, -0.2724,
         -0.1697,  0.1620,  0.1673,  0.2336, -0.2395, -0.2611,  0.1538, -0.1777],
        [-0.1966, -0.2257,  0.0062, -0.1517,  0.2363,  0.1237, -0.2452,  0.0645,
         -0.0116, -0.2930,  0.2089, -0.2759, -0.2030, -0.3379,  0.0734,  0.1284,
         -0.3548,  0.1030,  0.0401,  0.2087, -0.3230, -0.1043,  0.0965, -0.0420,
         -0.2080,  0.0644,  0.1430, -0.2170,  0.1911, -0.2678,  0.0998,  0.1465,
          0.0859,  0.0593, -0.0952,  0.1428, -0.0910,  0.0362,  0.1094, -0.1103,
         -0.0350, -0.0234,  0.1175,  0.1238,  0.2066,  0.1664, -0.0699,  0.1027,
         -0.1108,  0.0702, -0.0554, -0.3586,  0.1181, -0.1451,  0.1316, -0.0819,
          0.0464, -0.0073, -0.1652,  0.1185, -0.2196,  0.0829, -0.2261, -0.0969,
         -0.1579,  0.1660,  0.0395,  0.0114, -0.1049, -0.2552,  0.1470, -0.2645,
         -0.3197,  0.1434,  0.1629,  0.0633,  0.1037,  0.2244,  0.0545,  0.1811,
         -0.3174, -0.1358,  0.2234,  0.1349,  0.0610,  0.2627, -0.1071, -0.1237,
         -0.0498, -0.0730,  0.1279,  0.1110,  0.1305, -0.1757, -0.2150,  0.1487,
          0.0314,  0.0951,  0.0455,  0.1908,  0.0769, -0.1705, -0.1033,  0.2078,
          0.1261,  0.0010,  0.1460, -0.3493,  0.1239,  0.1233, -0.1286,  0.0884,
          0.0036,  0.1715, -0.0441,  0.0932, -0.0012,  0.1807,  0.0346,  0.0252,
          0.1217,  0.1985,  0.1579,  0.1927,  0.2856, -0.2687, -0.1203, -0.0852],
        [ 0.1220, -0.1528, -0.2163, -0.0362,  0.0812,  0.1291,  0.2517, -0.2509,
         -0.1605,  0.2658,  0.1464,  0.0837,  0.1551,  0.1178, -0.2075, -0.2985,
          0.0552,  0.0950, -0.2234, -0.0789,  0.1527, -0.2010,  0.0701,  0.0815,
          0.2160, -0.2096, -0.4006,  0.1807, -0.2004, -0.1840, -0.1867, -0.1126,
         -0.1838, -0.0116,  0.1435,  0.1335, -0.1098, -0.0997, -0.0393,  0.1446,
         -0.0562, -0.0874, -0.1382,  0.0660,  0.1528,  0.2267,  0.1267, -0.1573,
         -0.1537,  0.0900,  0.1825,  0.1268,  0.0308, -0.1327,  0.1236, -0.2043,
         -0.0786, -0.1688, -0.3073,  0.1399,  0.2576,  0.0343,  0.1381, -0.2754,
          0.1005, -0.1132,  0.1359,  0.0756, -0.2200, -0.0404,  0.1515,  0.1909,
          0.0899, -0.0012, -0.1492,  0.0771,  0.0890,  0.1529, -0.2643, -0.2700,
         -0.0285, -0.0906, -0.1239, -0.3286, -0.2312, -0.1415,  0.1757, -0.0806,
          0.1236,  0.0720,  0.1261,  0.1174,  0.1386,  0.1091, -0.0895, -0.1970,
         -0.0451,  0.0859, -0.3126, -0.1682, -0.3682, -0.0921,  0.0999, -0.0505,
         -0.3142,  0.1798, -0.2565, -0.0938,  0.1294,  0.1137,  0.2352,  0.0293,
          0.0877, -0.0014,  0.1262,  0.0699, -0.1998, -0.1148, -0.0962,  0.0316,
          0.0027,  0.1530,  0.0651, -0.1732,  0.0425,  0.1844,  0.1808,  0.1271],
        [ 0.1483, -0.0586, -0.0910, -0.2098, -0.1604, -0.2345,  0.2195,  0.1211,
         -0.1846,  0.2423,  0.0578,  0.1210, -0.0265,  0.1151,  0.0304,  0.0351,
          0.1363, -0.2317,  0.0216, -0.3606,  0.1314,  0.2326, -0.0138, -0.2311,
         -0.1225,  0.3330,  0.1096,  0.1866,  0.0669,  0.1866, -0.2148, -0.1481,
          0.0626,  0.1988, -0.1519, -0.2686,  0.2435, -0.1161,  0.2174,  0.1106,
         -0.0251, -0.1732, -0.0032,  0.1667, -0.0897, -0.1047, -0.1648,  0.0836,
         -0.0965,  0.0890,  0.2034,  0.1184, -0.0708,  0.2574,  0.1232, -0.2522,
         -0.1571, -0.0665,  0.1977,  0.1298,  0.2152, -0.1902,  0.1502,  0.2500,
          0.0147, -0.1572, -0.0809, -0.3027,  0.2219,  0.3317,  0.0827,  0.1516,
          0.0947,  0.0603, -0.2147, -0.3014, -0.2050,  0.0076,  0.0888, -0.1912,
          0.1846, -0.1414, -0.0987,  0.1622,  0.2083, -0.1159, -0.1057, -0.0005,
          0.1807, -0.1900, -0.0460, -0.3316, -0.2480, -0.1569,  0.2510, -0.0034,
         -0.0294, -0.0832,  0.0963,  0.1153,  0.0785, -0.1093,  0.3793, -0.0941,
          0.0976, -0.1967, -0.1934,  0.2229, -0.1388, -0.1315,  0.2186, -0.1055,
          0.0565, -0.2128,  0.1045, -0.2416, -0.0210, -0.1894,  0.1489,  0.0211,
         -0.0437, -0.2839, -0.3105, -0.0449, -0.1184,  0.1832,  0.1705, -0.0678],
        [-0.1484,  0.3301, -0.1095,  0.1980, -0.2379,  0.1373,  0.0253,  0.0870,
         -0.0717, -0.1246, -0.0330,  0.1434,  0.1819,  0.1041,  0.1255,  0.1111,
          0.0937,  0.1017,  0.0970, -0.1627,  0.2047,  0.1031, -0.3558,  0.0986,
          0.0063, -0.2655,  0.0947,  0.0507, -0.2326,  0.0979,  0.1120,  0.2258,
         -0.2370, -0.2017,  0.1339, -0.1596,  0.2149,  0.2048, -0.2663, -0.0041,
          0.0458, -0.1258,  0.1353, -0.2797, -0.1687, -0.2239, -0.2291, -0.2883,
          0.2765, -0.3364, -0.2380,  0.0901,  0.1572,  0.2800, -0.1980,  0.1656,
         -0.1944, -0.1048,  0.2096, -0.3230,  0.0512,  0.0972, -0.1785,  0.2495,
          0.2260, -0.1241,  0.1398,  0.1240,  0.2189,  0.1907, -0.3003, -0.2774,
          0.0880, -0.2521, -0.1122,  0.0734,  0.1016, -0.2018,  0.0396,  0.1988,
          0.1983, -0.1543, -0.1814,  0.1472,  0.1826, -0.1316, -0.0579,  0.2451,
         -0.2627, -0.1095,  0.1237,  0.1410,  0.1557,  0.1642,  0.3396, -0.1376,
         -0.1445, -0.2681,  0.0960, -0.1934,  0.0735, -0.0758, -0.1343, -0.3471,
          0.1372,  0.0695,  0.0366,  0.3027,  0.1127,  0.1272, -0.1398,  0.0933,
         -0.3518, -0.1760, -0.0872, -0.1109,  0.2002, -0.1414, -0.3227,  0.1229,
          0.1210, -0.1214, -0.1157, -0.1671, -0.0568,  0.1888, -0.2081,  0.1717]], requires_grad=True)
