Parameter containing:
tensor([ 0.2162,  0.1548,  0.2538, -0.2306,  0.3396, -0.0241, -0.0997,  0.1167,
         0.0182,  0.1527,  0.1233, -0.0217,  0.1719, -0.2631, -0.2746, -0.2056,
         0.2736, -0.1172,  0.0406, -0.0764,  0.0035, -0.2595, -0.1029, -0.2993,
         0.0610, -0.2474,  0.1077,  0.2697,  0.0075, -0.2914, -0.1997, -0.2006,
         0.1430, -0.2460,  0.1702,  0.3123,  0.3516, -0.2121,  0.1137,  0.3052,
        -0.3138,  0.0312,  0.1349,  0.3232, -0.3618,  0.1390, -0.0664, -0.2250,
         0.1621,  0.1690, -0.0074,  0.0637, -0.2786,  0.3261,  0.0516,  0.0818,
         0.1097,  0.1167,  0.0602,  0.0150, -0.0522,  0.3440, -0.1324,  0.1429],
       requires_grad=True)
