Parameter containing:
tensor([[[ 0.3688,  0.3792, -0.0606, -0.2566,  0.3104]],

        [[-0.3390,  0.4431,  0.3512, -0.1077, -0.1819]],

        [[-0.4984, -0.1801, -0.2195, -0.0298,  0.4633]],

        [[-0.4585,  0.3809,  0.1749, -0.0411, -0.0323]],

        [[ 0.1121, -0.3844,  0.0617,  0.4546,  0.3561]],

        [[ 0.1597, -0.4840,  0.2998, -0.2425,  0.2070]],

        [[-0.2053,  0.3971,  0.4704, -0.3388,  0.5622]],

        [[ 0.1888,  0.4316, -0.4567, -0.4591, -0.0206]],

        [[-0.1948,  0.5115, -0.1983, -0.1188, -0.4586]],

        [[-0.2097,  0.2197, -0.3123, -0.3509,  0.1988]],

        [[ 0.0680, -0.4575, -0.0479,  0.4942,  0.0195]],

        [[-0.1109, -0.3281, -0.0231, -0.2210, -0.2437]],

        [[-0.3845,  0.2829,  0.3316, -0.2393, -0.2565]],

        [[-0.3182,  0.6319,  0.1011, -0.0822,  0.3249]],

        [[-0.4238, -0.2810, -0.3401,  0.1879,  0.1877]],

        [[-0.0665, -0.1572,  0.1965,  0.6437,  0.0022]],

        [[ 0.1155, -0.1939, -0.5292, -0.3734,  0.0342]],

        [[ 0.2798, -0.2619,  0.5712,  0.4058,  0.0354]],

        [[-0.1743, -0.5320,  0.0316,  0.5343, -0.1221]],

        [[-0.3764,  0.3032, -0.3579, -0.0816, -0.3370]],

        [[-0.0742, -0.1184, -0.5071, -0.4768, -0.1268]],

        [[-0.3861,  0.5981,  0.4079,  0.0362,  0.2077]],

        [[ 0.1364, -0.0026, -0.5591, -0.5926, -0.0949]],

        [[-0.1388, -0.1723, -0.2347,  0.7143, -0.3722]],

        [[-0.3730, -0.2527, -0.0067, -0.0349, -0.4222]],

        [[-0.2515,  0.4047,  0.3420,  0.3414,  0.2263]],

        [[-0.3527, -0.2933,  0.0395, -0.2936, -0.5348]],

        [[-0.4288, -0.5408, -0.2845,  0.2686, -0.1306]],

        [[-0.4002, -0.3994, -0.4253,  0.4879,  0.3245]],

        [[-0.1060, -0.0658, -0.6022, -0.3396,  0.2711]],

        [[ 0.3952,  0.3977, -0.3203, -0.1996,  0.0124]],

        [[-0.0861,  0.1469,  0.3464,  0.4184, -0.4941]],

        [[ 0.0570, -0.0455, -0.5164,  0.1772,  0.5108]],

        [[-0.2330, -0.4918, -0.0280,  0.0034, -0.5134]],

        [[ 0.1806,  0.5149,  0.3614,  0.2195,  0.2720]],

        [[-0.3593, -0.5453, -0.3354,  0.1855,  0.0072]],

        [[ 0.2732,  0.1626, -0.0008, -0.3104,  0.2733]],

        [[-0.1247,  0.1564,  0.2472, -0.4473, -0.6847]],

        [[-0.3186,  0.0033, -0.3419,  0.4888, -0.0034]],

        [[ 0.2303,  0.0945, -0.3283,  0.4133,  0.3700]],

        [[ 0.3643,  0.0938,  0.3002,  0.1339, -0.4025]],

        [[-0.3871,  0.4488,  0.4709, -0.2657,  0.4089]],

        [[-0.1268,  0.4328, -0.0512,  0.3059, -0.0438]],

        [[ 0.4298,  0.3828,  0.1180,  0.1288, -0.1721]],

        [[-0.4894, -0.6068,  0.3711,  0.3948, -0.3765]],

        [[-0.0792,  0.3940,  0.4639,  0.4165,  0.2381]],

        [[-0.2230, -0.2730,  0.5534, -0.1234, -0.0476]],

        [[ 0.3331, -0.3219, -0.5318,  0.1326, -0.3400]],

        [[-0.0849, -0.4743,  0.1942, -0.3281,  0.2069]],

        [[ 0.3234, -0.5131, -0.4734,  0.0106,  0.2733]],

        [[ 0.1902, -0.0501,  0.4584, -0.4993,  0.2187]],

        [[-0.0732,  0.2133, -0.3904, -0.2301,  0.3958]],

        [[-0.4837, -0.4066,  0.2152,  0.1865, -0.5436]],

        [[-0.1566, -0.4769, -0.3328,  0.1098, -0.1087]],

        [[ 0.2803, -0.0254,  0.5277,  0.1285,  0.3772]],

        [[ 0.5213, -0.1259, -0.2479, -0.2758, -0.0706]],

        [[ 0.2012,  0.1400,  0.2164,  0.0451,  0.4384]],

        [[-0.3921, -0.5013,  0.3088, -0.3124, -0.2045]],

        [[ 0.4759,  0.1035,  0.4082,  0.0100, -0.3316]],

        [[ 0.0395, -0.4330,  0.0552, -0.4282,  0.4639]],

        [[ 0.1891, -0.2585,  0.2663,  0.5026,  0.4477]],

        [[ 0.4188,  0.4076, -0.0331, -0.1165,  0.3307]],

        [[ 0.5447, -0.0377, -0.1052, -0.0482, -0.2456]],

        [[ 0.2871, -0.2573, -0.4814, -0.3044,  0.1490]]],
       requires_grad=True)
