Parameter containing:
tensor([-0.0153, -0.0360,  0.0828,  0.0189, -0.1001,  0.0249, -0.0758,  0.0290,
         0.0045, -0.0233,  0.0558,  0.0317, -0.0501, -0.0423,  0.0213, -0.0011,
        -0.0010,  0.0131,  0.0087,  0.0133, -0.0380,  0.0019,  0.0082,  0.0039,
        -0.0147,  0.0056, -0.0246, -0.0279, -0.0094,  0.0313, -0.0207,  0.1415,
        -0.0389, -0.0914, -0.0152, -0.0689,  0.0012,  0.0417,  0.0766, -0.0104,
         0.0400, -0.0372,  0.0261, -0.0180, -0.0354, -0.0292,  0.0696, -0.0851,
        -0.0857,  0.0633, -0.0720, -0.0290, -0.0218,  0.0097,  0.0491,  0.0178,
        -0.0013,  0.0041, -0.0096,  0.0372, -0.0090, -0.0771, -0.0530,  0.0151],
       requires_grad=True)
