Parameter containing:
tensor([-0.0032,  0.0499,  0.0339, -0.0786, -0.0463, -0.1387, -0.0270, -0.0400,
         0.0288,  0.0010, -0.0542,  0.0012, -0.1379,  0.0172, -0.0833, -0.0004,
        -0.0867, -0.0726,  0.1000, -0.0060,  0.1195,  0.0168,  0.0316, -0.0800,
         0.0329,  0.0273,  0.0586,  0.0558,  0.0799,  0.0284,  0.0010,  0.0746,
        -0.0401, -0.0508,  0.0651,  0.0748,  0.0145,  0.0985, -0.0544,  0.0964,
        -0.0273, -0.0078, -0.0206, -0.0934, -0.0136, -0.0546, -0.0980,  0.0512,
        -0.0221, -0.0874, -0.0023,  0.0157, -0.0159, -0.0663, -0.0547,  0.1194,
         0.0350,  0.0583,  0.0780,  0.0424, -0.0392, -0.0398,  0.0921, -0.0795],
       requires_grad=True)
